1 1568
2 1407
3 1345
4 1154
5 999
6 974
7 1937
8 1226
9 1560
10 1397
11 1365
12 1230
13 1379
14 1568
15 1262
16 1590
17 1568
18 1916
19 1292
20 1345
21 1784
22 1379
23 1100
24 1148
25 1379
26 1100
27 1916
28 999
29 1561
30 1236
31 1226
32 1379
33 1397
34 1561
35 1293
36 1100
37 999
38 1236
39 1226
40 1568
41 2421
42 3362
43 2623
44 2623
45 1421
46 3152
47 3009
48 2623
49 3242
50 2623
51 2623
52 3054
53 2433
54 2175
55 3075
56 2953
57 2623
58 2105
59 3909
60 3242
61 2959
62 3498
63 3066
64 3638
65 3152
66 2711
67 3541
68 2586
69 3242
70 3638
71 3009
72 3339
73 2623
74 2908
75 2030
76 3152
77 2792
78 3493
79 3024
80 2711
81 3206
82 2722
83 3746
84 3767
85 2684
86 3065
87 2336
88 1984
89 3249
90 4153
91 3577
92 3080
93 2883
94 3473
95 3283
96 4132
97 3255
98 3169
99 3448
100 3394
101 3573
102 3774
103 3564
104 3042
105 2938
106 2536
107 2519
108 3429
109 2645
110 4426
111 4393
112 2943
113 3679
114 3339
115 2946
116 2613
117 3844
118 2252
119 2998
120 1620
