10746
10667
10859
10548
10418
10645
11652
10738
11236
11050
11116
11036
10970
10746
10671
10647
10746
11641
10849
10859
10863
10970
10733
10466
10970
10733
11641
10418
11084
10755
10738
10970
11050
11084
11304
10733
10418
10755
10738
10746
10182
10009
11383
11383
9528
11297
12393
11383
12483
11383
11383
12448
10318
9480
12490
9216
11383
10313
11892
12483
10399
11657
10504
11698
11297
12262
10456
10081
12483
11698
12393
11633
11383
11425
9589
11297
9840
11593
10235
12262
12758
16717
15642
15168
16138
15610
12612
12611
13778
17214
12609
16881
15491
14858
15093
17377
13336
15832
16630
13789
15581
18029
17231
14924
14253
15279
13763
14701
13467
15459
17990
15464
14079
15849
16604
15987
13531
13099
16758
13322
