1568
1407
1345
1154
999
974
1937
1226
1560
1397
1365
1230
1379
1568
1262
1590
1568
1916
1292
1345
1784
1379
1100
1148
1379
1100
1916
999
1561
1236
1226
1379
1397
1561
1293
1100
999
1236
1226
1568
2421
3362
2623
2623
1421
3152
3009
2623
3242
2623
2623
3054
2433
2175
3075
2953
2623
2105
3909
3242
2959
3498
3066
3638
3152
2711
3541
2586
3242
3638
3009
3339
2623
2908
2030
3152
2792
3493
3024
2711
3206
2722
3746
3767
2684
3065
2336
1984
3249
4153
3577
3080
2883
3473
3283
4132
3255
3169
3448
3394
3573
3774
3564
3042
2938
2536
2519
3429
2645
4426
4393
2943
3679
3339
2946
2613
3844
2252
2998
1620
