1 10746
2 10667
3 10859
4 10548
5 10418
6 10645
7 11652
8 10738
9 11236
10 11050
11 11116
12 11036
13 10970
14 10746
15 10671
16 10647
17 10746
18 11641
19 10849
20 10859
21 10863
22 10970
23 10733
24 10466
25 10970
26 10733
27 11641
28 10418
29 11084
30 10755
31 10738
32 10970
33 11050
34 11084
35 11304
36 10733
37 10418
38 10755
39 10738
40 10746
41 10182
42 10009
43 11383
44 11383
45 9528
46 11297
47 12393
48 11383
49 12483
50 11383
51 11383
52 12448
53 10318
54 9480
55 12490
56 9216
57 11383
58 10313
59 11892
60 12483
61 10399
62 11657
63 10504
64 11698
65 11297
66 12262
67 10456
68 10081
69 12483
70 11698
71 12393
72 11633
73 11383
74 11425
75 9589
76 11297
77 9840
78 11593
79 10235
80 12262
81 12758
82 16717
83 15642
84 15168
85 16138
86 15610
87 12612
88 12611
89 13778
90 17214
91 12609
92 16881
93 15491
94 14858
95 15093
96 17377
97 13336
98 15832
99 16630
100 13789
101 15581
102 18029
103 17231
104 14924
105 14253
106 15279
107 13763
108 14701
109 13467
110 15459
111 17990
112 15464
113 14079
114 15849
115 16604
116 15987
117 13531
118 13099
119 16758
120 13322
