chr	rs	ps	n_miss	allele1	allele0	af	beta	se	logl_H1	l_remle	l_mle	p_wald	p_lrt	p_score
1	.	6598269	5	T	C	0.400	1.287426e+01	7.267574e+00	-6.624236e+02	3.652453e+00	3.387485e+00	7.906462e-02	8.416626e-02	1.016601e-01
1	.	10259540	6	T	G	0.070	-3.079773e+01	1.149652e+01	-6.608015e+02	1.984544e+00	1.975626e+00	8.441657e-03	1.258426e-02	2.129369e-02
1	.	11658931	6	T	A	0.018	2.188499e+01	2.229334e+01	-6.634262e+02	5.496519e+00	5.703543e+00	3.282646e-01	3.228571e-01	3.272316e-01
1	.	20455150	4	T	C	0.043	-9.299621e+00	1.511107e+01	-6.637374e+02	4.611165e+00	4.629270e+00	5.394641e-01	5.513727e-01	5.667432e-01
1	.	20455208	6	T	A	0.035	-4.630310e+00	1.680312e+01	-6.638779e+02	5.106479e+00	5.144198e+00	7.833660e-01	7.856912e-01	7.894197e-01
1	.	21118337	5	A	G	0.296	-6.224166e+00	8.555758e+00	-6.636630e+02	6.258244e+00	6.080400e+00	4.683712e-01	4.778544e-01	4.900983e-01
1	.	21118430	2	A	G	0.042	-1.600485e+00	1.457254e+01	-6.639089e+02	5.163454e+00	5.348561e+00	9.127317e-01	9.130828e-01	9.133274e-01
1	.	21118470	5	C	T	0.035	1.844468e+01	1.579501e+01	-6.632334e+02	4.772907e+00	4.966762e+00	2.452602e-01	2.430474e-01	2.481152e-01
1	.	27936588	6	C	A	0.202	-1.305582e+01	7.931964e+00	-6.626493e+02	3.561707e+00	3.485869e+00	1.024298e-01	1.116199e-01	1.305712e-01
1	.	27937065	3	T	C	0.188	6.511846e+00	8.556477e+00	-6.636381e+02	4.553104e+00	4.448870e+00	4.481496e-01	4.569102e-01	4.753877e-01
1	.	27937074	3	A	G	0.188	6.607745e+00	8.597873e+00	-6.636326e+02	4.544436e+00	4.428100e+00	4.437063e-01	4.524911e-01	4.714913e-01
1	.	27937076	5	T	G	0.070	1.707144e+01	1.201787e+01	-6.629583e+02	3.902114e+00	3.921058e+00	1.580979e-01	1.666306e-01	1.839210e-01
1	.	27937083	4	C	A	0.017	2.003074e+01	2.153264e+01	-6.634876e+02	4.646645e+00	4.942290e+00	3.541410e-01	3.552817e-01	3.604380e-01
1	.	27938706	6	T	A	0.018	-3.290830e+00	2.216341e+01	-6.639023e+02	5.325721e+00	5.576676e+00	8.822172e-01	8.742019e-01	8.792939e-01
1	.	30106267	2	C	G	0.017	-9.762003e+00	2.247654e+01	-6.638256e+02	4.824561e+00	5.008963e+00	6.648495e-01	6.727384e-01	6.787207e-01
1	.	30106268	4	C	T	0.017	2.641177e+00	2.236721e+01	-6.639073e+02	5.234641e+00	5.429014e+00	9.062030e-01	9.020766e-01	9.028768e-01
2	.	8845960	6	G	A	0.219	-2.576428e+00	8.200423e+00	-6.638648e+02	5.449704e+00	5.403980e+00	7.539374e-01	7.516934e-01	7.523804e-01
3	.	15869461	1	C	T	0.017	-5.954138e+00	2.224896e+01	-6.638774e+02	5.294919e+00	5.523056e+00	7.894635e-01	7.842446e-01	7.863273e-01
3	.	15869486	5	A	C	0.070	-2.610868e+01	1.284893e+01	-6.620443e+02	8.697207e+00	8.891523e+00	4.440204e-02	5.309250e-02	7.374275e-02
3	.	15870136	5	C	T	0.174	-2.023809e-01	8.535487e+00	-6.639146e+02	5.344376e+00	5.349404e+00	9.811236e-01	9.813080e-01	9.815873e-01
3	.	15870249	2	A	G	0.475	3.369527e+00	7.326633e+00	-6.638153e+02	6.031441e+00	5.725806e+00	6.464334e-01	6.553996e-01	6.610730e-01
3	.	15870487	5	C	G	0.026	7.266402e+00	1.837121e+01	-6.638345e+02	5.277122e+00	5.488919e+00	6.931644e-01	6.884704e-01	6.899403e-01
3	.	15870491	6	G	C	0.018	-5.621764e+00	2.224223e+01	-6.638813e+02	5.280239e+00	5.509029e+00	8.008998e-01	7.957339e-01	7.975994e-01
3	.	17688848	6	G	A	0.044	-5.418208e+00	1.420486e+01	-6.638478e+02	4.800383e+00	5.026353e+00	7.035677e-01	7.142574e-01	7.205010e-01
4	.	7979197	6	G	T	0.088	-1.468142e+01	1.629165e+01	-6.635035e+02	5.955198e+00	5.381063e+00	3.693377e-01	3.643838e-01	3.670534e-01
4	.	7981040	5	T	C	0.139	-3.549734e+00	1.057270e+01	-6.638549e+02	5.392452e+00	5.057067e+00	7.376591e-01	7.292084e-01	7.348358e-01
4	.	7981082	6	C	T	0.237	-9.918908e+00	9.343018e+00	-6.633384e+02	5.395439e+00	4.887884e+00	2.905678e-01	2.829242e-01	2.885487e-01
4	.	7981224	6	A	G	0.088	-1.328484e+01	1.625561e+01	-6.635730e+02	5.831611e+00	5.246380e+00	4.154344e-01	4.083108e-01	4.108903e-01
4	.	7981407	6	A	G	0.088	-1.105207e+01	1.609302e+01	-6.636709e+02	5.734885e+00	5.171387e+00	4.935801e-01	4.849082e-01	4.875799e-01
4	.	7981423	4	T	G	0.086	-1.324505e+01	1.617759e+01	-6.635720e+02	5.826138e+00	5.256199e+00	4.145919e-01	4.076634e-01	4.102092e-01
4	.	7982129	6	T	C	0.088	-1.182499e+01	1.614614e+01	-6.636396e+02	5.807400e+00	5.243780e+00	4.653933e-01	4.581203e-01	4.604140e-01
4	.	7982168	4	T	A	0.034	-1.321445e+01	1.598806e+01	-6.635764e+02	4.779778e+00	4.959280e+00	4.101776e-01	4.106829e-01	4.157990e-01
4	.	7982176	3	A	G	0.111	1.306980e+01	1.110207e+01	-6.632216e+02	5.949522e+00	5.838371e+00	2.414687e-01	2.390069e-01	2.443871e-01
4	.	7982180	5	T	C	0.113	1.261076e+01	1.116761e+01	-6.632756e+02	5.881147e+00	5.755608e+00	2.610928e-01	2.581757e-01	2.629798e-01
4	.	7982953	6	C	G	0.026	1.910102e+01	1.863954e+01	-6.634108e+02	4.345274e+00	4.467517e+00	3.075735e-01	3.153798e-01	3.281170e-01
4	.	7984086	6	T	C	0.088	-1.391372e+01	1.623784e+01	-6.635418e+02	5.912777e+00	5.341965e+00	3.932533e-01	3.877110e-01	3.902072e-01
4	.	7985919	6	T	C	0.070	-8.164192e+00	1.612459e+01	-6.637832e+02	5.609959e+00	5.264554e+00	6.135772e-01	6.078820e-01	6.093794e-01
4	.	7985920	6	C	T	0.070	-8.164192e+00	1.612459e+01	-6.637832e+02	5.609959e+00	5.264554e+00	6.135772e-01	6.078820e-01	6.093794e-01
4	.	7986141	4	G	A	0.086	-1.418055e+01	1.628394e+01	-6.635303e+02	5.947375e+00	5.366551e+00	3.856147e-01	3.804796e-01	3.830212e-01
4	.	7986143	4	T	C	0.086	-1.418055e+01	1.628394e+01	-6.635303e+02	5.947375e+00	5.366551e+00	3.856147e-01	3.804796e-01	3.830212e-01
4	.	7986167	3	A	G	0.094	-1.626190e+01	1.639643e+01	-6.634251e+02	6.291960e+00	5.611848e+00	3.233271e-01	3.223224e-01	3.260474e-01
4	.	7986193	5	T	A	0.078	1.605921e+01	1.175611e+01	-6.629954e+02	6.377526e+00	6.410264e+00	1.745271e-01	1.750753e-01	1.854274e-01
4	.	7986218	6	A	C	0.088	-7.534198e+00	1.407668e+01	-6.637674e+02	5.408817e+00	5.119259e+00	5.935013e-01	5.870512e-01	5.902038e-01
4	.	9870194	5	A	G	0.148	5.158125e+00	9.216089e+00	-6.637579e+02	5.072323e+00	5.042486e+00	5.767539e-01	5.752947e-01	5.795874e-01
4	.	9870352	5	C	G	0.026	2.714217e+01	1.782691e+01	-6.627463e+02	5.460918e+00	5.717602e+00	1.305495e-01	1.263300e-01	1.312961e-01
4	.	9870450	4	A	G	0.043	7.822018e+00	1.576585e+01	-6.637932e+02	5.751791e+00	5.767562e+00	6.207207e-01	6.218466e-01	6.281989e-01
4	.	9870486	5	C	T	0.017	-1.504746e+01	2.216135e+01	-6.636879e+02	4.803237e+00	5.007911e+00	4.984704e-01	5.004859e-01	5.050945e-01
4	.	9870542	6	T	G	0.026	-1.173314e+01	1.824121e+01	-6.637180e+02	4.626529e+00	4.833600e+00	5.213284e-01	5.303425e-01	5.388611e-01
4	.	9870734	6	G	A	0.035	-1.792478e+01	1.583507e+01	-6.633083e+02	4.125589e+00	4.321034e+00	2.599432e-01	2.707121e-01	2.844552e-01
4	.	12833911	5	T	C	0.017	9.261524e+00	2.377792e+01	-6.638384e+02	5.539916e+00	5.587747e+00	6.976076e-01	6.957938e-01	6.987791e-01
4	.	12834419	6	C	T	0.018	1.881089e+01	2.232449e+01	-6.635539e+02	5.357017e+00	5.561880e+00	4.011500e-01	3.955281e-01	3.985506e-01
4	.	14073910	5	T	C	0.122	-2.111416e+00	1.025667e+01	-6.638933e+02	5.329184e+00	5.313854e+00	8.372567e-01	8.356658e-01	8.362898e-01
4	.	17168158	6	C	T	0.018	-2.787970e+01	2.342409e+01	-6.632057e+02	4.845155e+00	4.875824e+00	2.363511e-01	2.336799e-01	2.394088e-01
4	.	17168186	5	G	A	0.061	-2.150279e+01	1.661916e+01	-6.630992e+02	6.607121e+00	6.244707e+00	1.982421e-01	2.015285e-01	2.106156e-01
5	.	20651512	6	C	T	0.026	1.313813e+01	1.828852e+01	-6.636522e+02	5.333068e+00	5.522713e+00	4.739423e-01	4.685562e-01	4.709745e-01
5	.	20892035	6	A	T	0.018	1.496810e+01	2.215793e+01	-6.636829e+02	5.539288e+00	5.753716e+00	5.006677e-01	4.958161e-01	5.008142e-01
5	.	23726155	6	T	G	0.061	2.876911e+00	1.235767e+01	-6.638867e+02	5.297547e+00	5.463802e+00	8.163172e-01	8.126091e-01	8.137744e-01
