chr	rs	ps	n_miss	allele1	allele0	af	beta	se	logl_H1	l_remle	l_mle	p_wald	p_lrt	p_score
1	.	6598269	5	T	C	0.400	-1.729499e+02	2.667407e+02	-1.064245e+03	3.148456e+01	3.180591e+01	5.179976e-01	5.380685e-01	5.581511e-01
1	.	10259540	6	T	G	0.070	9.810995e+02	3.670554e+02	-1.060956e+03	3.039107e+01	3.093301e+01	8.584746e-03	8.348277e-03	1.086738e-02
1	.	11658931	6	T	A	0.018	1.811103e+02	6.453750e+02	-1.064395e+03	3.335922e+01	3.411371e+01	7.794872e-01	7.780182e-01	7.785757e-01
1	.	20455150	4	T	C	0.043	2.823988e+02	4.991450e+02	-1.064276e+03	3.293004e+01	3.329537e+01	5.726278e-01	5.740012e-01	5.781576e-01
1	.	20455208	6	T	A	0.035	4.869190e+02	5.461600e+02	-1.064033e+03	3.341724e+01	3.383866e+01	3.744583e-01	3.701782e-01	3.729936e-01
1	.	21118337	5	A	G	0.296	-8.649952e+01	2.873825e+02	-1.064389e+03	3.347587e+01	3.389020e+01	7.639512e-01	7.640282e-01	7.652175e-01
1	.	21118430	2	A	G	0.042	-5.933499e+02	4.136153e+02	-1.063396e+03	3.363226e+01	3.448566e+01	1.540617e-01	1.494773e-01	1.539461e-01
1	.	21118470	5	C	T	0.035	-3.058348e+02	4.564917e+02	-1.064207e+03	3.331330e+01	3.408717e+01	5.041872e-01	5.000973e-01	5.018414e-01
1	.	27936588	6	C	A	0.202	3.079238e+02	2.664452e+02	-1.063764e+03	3.280681e+01	3.328248e+01	2.501492e-01	2.470168e-01	2.515478e-01
1	.	27937065	3	T	C	0.188	5.699584e+01	2.899206e+02	-1.064414e+03	3.408098e+01	3.452715e+01	8.444857e-01	8.406152e-01	8.424533e-01
1	.	27937074	3	A	G	0.188	7.025070e+01	2.935265e+02	-1.064405e+03	3.418772e+01	3.461436e+01	8.112623e-01	8.075689e-01	8.098829e-01
1	.	27937076	5	T	G	0.070	-1.483423e+02	3.886346e+02	-1.064364e+03	3.295482e+01	3.349812e+01	7.033694e-01	7.078141e-01	7.113483e-01
1	.	27937083	4	C	A	0.017	-7.646305e+02	5.737274e+02	-1.063536e+03	3.355823e+01	3.461795e+01	1.851843e-01	1.800368e-01	1.843819e-01
1	.	27938706	6	T	A	0.018	-1.970640e+02	6.268075e+02	-1.064388e+03	3.281110e+01	3.366062e+01	7.537776e-01	7.601153e-01	7.627236e-01
1	.	30106267	2	C	G	0.017	3.488583e+02	6.627291e+02	-1.064296e+03	3.302490e+01	3.371921e+01	5.996008e-01	5.992534e-01	6.012813e-01
1	.	30106268	4	C	T	0.017	6.622838e+02	6.540871e+02	-1.063922e+03	3.254949e+01	3.322608e+01	3.133556e-01	3.115653e-01	3.159744e-01
2	.	8845960	6	G	A	0.219	-1.154412e+02	2.658375e+02	-1.064340e+03	3.336659e+01	3.385056e+01	6.648965e-01	6.637280e-01	6.651867e-01
3	.	15869461	1	C	T	0.017	1.649143e+03	6.256001e+02	-1.061000e+03	3.463420e+01	3.535794e+01	9.514141e-03	8.773025e-03	1.104276e-02
3	.	15869486	5	A	C	0.070	3.090548e+02	3.758907e+02	-1.064090e+03	3.476659e+01	3.573779e+01	4.126252e-01	4.065839e-01	4.138226e-01
3	.	15870136	5	C	T	0.174	2.730042e+02	2.701339e+02	-1.063922e+03	3.285620e+01	3.342304e+01	3.142635e-01	3.113113e-01	3.152056e-01
3	.	15870249	2	A	G	0.475	-4.327022e+02	2.719531e+02	-1.063200e+03	3.793972e+01	3.820238e+01	1.142646e-01	1.161719e-01	1.272589e-01
3	.	15870487	5	C	G	0.026	-2.957795e+02	5.210148e+02	-1.064268e+03	3.395810e+01	3.487853e+01	5.713181e-01	5.644331e-01	5.675394e-01
3	.	15870491	6	G	C	0.018	1.636908e+03	6.249200e+02	-1.061042e+03	3.458642e+01	3.531401e+01	9.965447e-03	9.195872e-03	1.151466e-02
3	.	17688848	6	G	A	0.044	-3.509358e+02	4.053068e+02	-1.064056e+03	3.521845e+01	3.608710e+01	3.883282e-01	3.840665e-01	3.932678e-01
4	.	7979197	6	G	T	0.088	3.276271e+02	6.296167e+02	-1.064297e+03	3.435112e+01	3.475735e+01	6.037879e-01	5.994394e-01	6.020030e-01
4	.	7981040	5	T	C	0.139	4.051288e+02	3.825954e+02	-1.063866e+03	3.408942e+01	3.452752e+01	2.918098e-01	2.864971e-01	2.899700e-01
4	.	7981082	6	C	T	0.237	4.226792e+02	3.766755e+02	-1.063800e+03	3.497854e+01	3.511504e+01	2.640850e-01	2.597850e-01	2.643053e-01
4	.	7981224	6	A	G	0.088	2.354298e+02	6.363740e+02	-1.064365e+03	3.400416e+01	3.435437e+01	7.120792e-01	7.085883e-01	7.095440e-01
4	.	7981407	6	A	G	0.088	2.676604e+01	6.202259e+02	-1.064433e+03	3.376350e+01	3.418005e+01	9.656507e-01	9.648943e-01	9.649728e-01
4	.	7981423	4	T	G	0.086	8.598697e+01	6.260822e+02	-1.064425e+03	3.381522e+01	3.420746e+01	8.909951e-01	8.893741e-01	8.896381e-01
4	.	7982129	6	T	C	0.088	3.259753e+01	6.188331e+02	-1.064433e+03	3.374745e+01	3.418513e+01	9.580793e-01	9.570984e-01	9.571980e-01
4	.	7982168	4	T	A	0.034	1.126725e+03	4.549023e+02	-1.061445e+03	3.025901e+01	3.092323e+01	1.467181e-02	1.447731e-02	1.790058e-02
4	.	7982176	3	A	G	0.111	-4.578074e+02	3.608375e+02	-1.063674e+03	3.025631e+01	3.066898e+01	2.070325e-01	2.175104e-01	2.340746e-01
4	.	7982180	5	T	C	0.113	-4.644912e+02	3.654191e+02	-1.063674e+03	3.016146e+01	3.055095e+01	2.061863e-01	2.174509e-01	2.349580e-01
4	.	7982953	6	C	G	0.026	1.253010e+02	5.698313e+02	-1.064409e+03	3.383060e+01	3.447020e+01	8.263357e-01	8.214099e-01	8.227563e-01
4	.	7984086	6	T	C	0.088	2.181303e+02	6.278959e+02	-1.064373e+03	3.408858e+01	3.447900e+01	7.289106e-01	7.252052e-01	7.265147e-01
4	.	7985919	6	T	C	0.070	5.114611e+02	5.539257e+02	-1.064003e+03	3.487173e+01	3.554830e+01	3.577149e-01	3.527460e-01	3.586078e-01
4	.	7985920	6	C	T	0.070	5.114611e+02	5.539257e+02	-1.064003e+03	3.487173e+01	3.554830e+01	3.577149e-01	3.527460e-01	3.586078e-01
4	.	7986141	4	G	A	0.086	1.745942e+02	6.312076e+02	-1.064395e+03	3.393713e+01	3.431466e+01	7.825685e-01	7.795838e-01	7.802811e-01
4	.	7986143	4	T	C	0.086	1.745942e+02	6.312076e+02	-1.064395e+03	3.393713e+01	3.431466e+01	7.825685e-01	7.795838e-01	7.802811e-01
4	.	7986167	3	A	G	0.094	1.640145e+02	6.974569e+02	-1.064406e+03	3.431530e+01	3.421573e+01	8.144916e-01	8.126738e-01	8.131259e-01
4	.	7986193	5	T	A	0.078	-8.386524e+01	3.780174e+02	-1.064409e+03	3.399393e+01	3.447073e+01	8.248098e-01	8.209090e-01	8.222605e-01
4	.	7986218	6	A	C	0.088	1.441831e+02	4.738518e+02	-1.064388e+03	3.336617e+01	3.403407e+01	7.614513e-01	7.605875e-01	7.613156e-01
4	.	9870194	5	A	G	0.148	1.736284e+02	2.950652e+02	-1.064259e+03	3.485235e+01	3.548962e+01	5.573612e-01	5.534866e-01	5.606146e-01
4	.	9870352	5	C	G	0.026	-1.028945e+03	5.083845e+02	-1.062387e+03	3.487505e+01	3.564499e+01	4.523389e-02	4.299368e-02	4.741993e-02
4	.	9870450	4	A	G	0.043	-1.149538e+03	4.932389e+02	-1.061735e+03	3.347154e+01	3.393491e+01	2.147316e-02	2.015170e-02	2.334982e-02
4	.	9870486	5	C	T	0.017	6.798358e+02	6.462739e+02	-1.063889e+03	3.194998e+01	3.260295e+01	2.949804e-01	2.963794e-01	3.030918e-01
4	.	9870542	6	T	G	0.026	2.052486e+02	5.326362e+02	-1.064364e+03	3.279621e+01	3.349288e+01	7.006758e-01	7.064510e-01	7.100196e-01
4	.	9870734	6	G	A	0.035	5.483834e+02	4.617548e+02	-1.063743e+03	3.152286e+01	3.219571e+01	2.373732e-01	2.397579e-01	2.476783e-01
4	.	12833911	5	T	C	0.017	9.346224e+02	7.421768e+02	-1.063635e+03	3.331642e+01	3.389493e+01	2.104077e-01	2.059864e-01	2.100496e-01
4	.	12834419	6	C	T	0.018	-7.399509e+02	6.467063e+02	-1.063776e+03	3.547726e+01	3.629550e+01	2.548631e-01	2.510479e-01	2.592300e-01
4	.	14073910	5	T	C	0.122	-2.371159e+01	3.164350e+02	-1.064431e+03	3.352471e+01	3.426244e+01	9.403945e-01	9.359018e-01	9.362886e-01
4	.	17168158	6	C	T	0.018	1.253763e+03	7.484948e+02	-1.063030e+03	3.282057e+01	3.330503e+01	9.657345e-02	9.369583e-02	9.854673e-02
4	.	17168186	5	G	A	0.061	-1.269975e+02	6.155949e+02	-1.064414e+03	3.358558e+01	3.376791e+01	8.369118e-01	8.389267e-01	8.412000e-01
5	.	20651512	6	C	T	0.026	2.719478e+02	5.403558e+02	-1.064308e+03	3.316858e+01	3.382912e+01	6.157088e-01	6.144814e-01	6.161164e-01
5	.	20892035	6	A	T	0.018	2.432352e+02	6.480652e+02	-1.064367e+03	3.279531e+01	3.348484e+01	7.080924e-01	7.142742e-01	7.179952e-01
5	.	23726155	6	T	G	0.061	-1.868999e+02	3.668494e+02	-1.064302e+03	3.363561e+01	3.432327e+01	6.113721e-01	6.068158e-01	6.080724e-01
